RECALL WITH RANK CUTOFF			1		     2			  	3

data/output/stft.txt 		[0.9142857142857133, 	0.9333333333333322, 	0.9428571428571417]
data/output/mel.txt 		[0.6285714285714286, 	0.6857142857142855, 	0.695238095238095]
data/output/cqt.txt 		[0.11428571428571427, 	0.15238095238095234, 	0.16190476190476186]

data/output/disk.txt 		[0.9142857142857133, 	0.9333333333333322, 	0.9428571428571417]
data/output/diamond.txt 	[0.9047619047619038, 	0.9428571428571417, 	0.9523809523809512]
data/output/square.txt 		[0.733333333333333, 	0.7523809523809519, 	0.7904761904761899]

data/output/uniform-true.txt 	[0.9142857142857133, 	0.9333333333333322, 	0.9428571428571417]
data/output/uniform-false.txt 	[0.9333333333333322, 	0.9619047619047607, 	0.9619047619047607]

data/output/neigh-5.txt 	[0.6666666666666665, 	0.676190476190476, 	0.7047619047619045]
data/output/neigh-10.txt 	[0.9142857142857133, 	0.9333333333333322, 	0.9428571428571417]
data/output/neigh-20.txt 	[0.8190476190476184, 	0.8666666666666658, 	0.8857142857142848]

data/output/gap-0.txt 		[0.9238095238095227, 	0.9428571428571417, 	0.9619047619047607]
data/output/gap-50.txt 		[0.9142857142857133, 	0.9333333333333322, 	0.9428571428571417]
data/output/gap-100.txt 	[0.9047619047619038, 	0.9238095238095227, 	0.9333333333333322]

data/output/t-200-400.txt 	[0.8952380952380943, 	0.9333333333333322, 	0.9428571428571417]
data/output/t-200-200.txt 	[0.9142857142857133, 	0.9333333333333322, 	0.9428571428571417]
data/output/t-400-200.txt 	[0.9142857142857133, 	0.9333333333333322, 	0.9523809523809512]

data/output/final.txt 		[0.9428571428571417, 	0.9714285714285702, 	0.9714285714285702]