RECALL WITH RANK CUTOFF			1		     2			  3

data/output/stft.txt 		[0.9142857142857133, 0.4666666666666661, 0.3142857142857137]
data/output/mel.txt 		[0.6285714285714286, 0.34285714285714275, 0.23174603174603145]
data/output/cqt.txt 		[0.11428571428571427, 0.07619047619047617, 0.053968253968253985]

data/output/disk.txt 		[0.9142857142857133, 0.4666666666666661, 0.3142857142857137]
data/output/diamond.txt 	[0.9047619047619038, 0.47142857142857086, 0.3174603174603169]
data/output/square.txt 		[0.733333333333333, 0.37619047619047596, 0.2634920634920631]

data/output/uniform-true.txt 	[0.9142857142857133, 0.4666666666666661, 0.3142857142857137]
data/output/uniform-false.txt 	[0.9333333333333322, 0.48095238095238035, 0.32063492063492005]

data/output/neigh-5.txt 	[0.6666666666666665, 0.338095238095238, 0.2349206349206346]
data/output/neigh-10.txt 	[0.9142857142857133, 0.4666666666666661, 0.3142857142857137]
data/output/neigh-20.txt 	[0.8190476190476184, 0.4333333333333329, 0.29523809523809474]

data/output/gap-0.txt 		[0.9238095238095227, 0.47142857142857086, 0.32063492063492005]
data/output/gap-50.txt 		[0.9142857142857133, 0.4666666666666661, 0.3142857142857137]
data/output/gap-100.txt 	[0.9047619047619038, 0.4619047619047614, 0.31111111111111056]

data/output/t-200-400.txt 	[0.8952380952380943, 0.4666666666666661, 0.3142857142857137]
data/output/t-200-200.txt 	[0.9142857142857133, 0.4666666666666661, 0.3142857142857137]
data/output/t-400-200.txt 	[0.9142857142857133, 0.4666666666666661, 0.3174603174603169]